130.3457953072901
141.72812808800015
135.60658766356036
60.06881609166955
57.49533986497171
125.49397370124358
105.33013449449425
50.548617659063936
145.5070824391657
101.8843904231334
61.61596323987891
118.71528233492597
138.61491356709135
56.25138874716072
109.36651636544767
119.69949616722779
133.30764296636673
93.27091732798766
81.99614278062828
97.64983887266638
116.81552286205039
78.34384630631892
91.56072299744713
65.12936989789533
133.1588804588724
148.0113353828465
113.40536313227376
136.86258970206814
114.82278242426543
60.08649204233734
62.78185026218915
110.39418693695679
96.80493400577724
95.78921666002296
65.99926688039118
111.87788562159899
149.4207019834303
105.65477389271973
70.06162062000526
83.48357613954526
101.58288307686016
81.20370681937635
133.52595725874156
125.4207714719879
77.81414070208469
104.99814632276214
96.23814259622571
107.75916131532023
107.09719135916706
149.4158532247038
57.78306036025752
50.130780656284884
122.98426800213113
126.20478908349651
114.415255259996
125.00097347976549
133.04875123116827
56.577765901998205
74.87922161212084
111.1178799399987
84.8876269890089
82.55621109658384
53.004681890418354
55.851101483617896
113.84606787029958
110.59227215470924
132.2678830001181
61.220116939618336
64.86756631510909
64.79660090800682
110.10543364459694
64.41350241871791
129.54909585874356
120.71999223125756
143.0069525726253
124.66861611033248
73.81363345814906
144.67049984271796
97.65416352482379
62.02875375626401
66.60169993455055
78.58091227221243
60.45734671138149
135.97929046183035
116.11590856089342
83.36513636663109
145.1798538001284
146.55494163007492
99.27355881750809
121.04266090227279
101.94642962245203
120.04907674451792
87.35512278664376
79.56083703177977
91.4597616223345
84.13427949339433
53.198281387072996
61.57057161048898
92.91873710723222
74.34960196564109